Debug: Available domains after availability/no_call adjustments
Day 2025-06-01:
  Level 1A: [33, 34, 35, 36, 38, 40, 41, 5]
  Level 1B: [33, 34, 35, 36, 38, 40, 41, 1, 2, 3, 4, 5]
  Level 2A: [6, 7, 8, 12]
  Level 2B: [12, 13, 14, -1]
  Level 3: [19, 21, 25, 30, 13, 14, 16, 17, 18]
  Level 4: [23, 24, 25, 29, 30, 31, 32]
Day 2025-06-02:
  Level 1A: [33, 34, 35, 36, 38, 39, 40, 41, 5]
  Level 1B: [33, 34, 35, 36, 38, 39, 40, 41, 1, 2, 3, 4, 5]
  Level 2A: [6, 7, 8, 12]
  Level 2B: [12, 14, 15, -1]
  Level 3: [19, 20, 21, 25, 30, 14, 15, 16, 17, 18]
  Level 4: [23, 24, 25, 29, 30, 31, 32]
Day 2025-06-03:
  Level 1A: [33, 34, 35, 36, 38, 39, 40, 41, 5]
  Level 1B: [33, 34, 35, 36, 38, 39, 40, 41, 1, 2, 3, 4, 5]
  Level 2A: [6, 7, 8]
  Level 2B: [13, 14, 15, -1]
  Level 3: [19, 20, 25, 30, 13, 14, 15, 16, 17, 18]
  Level 4: [23, 24, 25, 29, 30, 31, 32]
Day 2025-06-04:
  Level 1A: [33, 34, 35, 36, 38, 39, 40, 41, 5]
  Level 1B: [33, 34, 35, 36, 38, 39, 40, 41, 1, 2, 3, 4, 5]
  Level 2A: [6, 7, 8, 12]
  Level 2B: [12, 13, 14, 15, -1]
  Level 3: [19, 20, 25, 30, 13, 14, 15, 17, 18]
  Level 4: [23, 24, 25, 29, 30, 31, 32]
Day 2025-06-05:
  Level 1A: [33, 34, 35, 36, 38, 39, 40, 41, 5]
  Level 1B: [33, 34, 35, 36, 38, 39, 40, 41, 1, 2, 3, 4, 5]
  Level 2A: [6, 7, 8, 12]
  Level 2B: [12, 13, 14, 15, -1]
  Level 3: [19, 20, 25, 30, 13, 14, 15, 16, 17, 18]
  Level 4: [23, 24, 25, 29, 30, 31, 32]
Day 2025-06-06:
  Level 1A: [33, 34, 35, 36, 38, 39, 40, 41, 5]
  Level 1B: [33, 34, 35, 36, 38, 39, 40, 41, 1, 2, 3, 5]
  Level 2A: [6, 7, 8]
  Level 2B: [13, 14, 15, -1]
  Level 3: [19, 20, 25, 30, 13, 14, 15, 16, 17, 18]
  Level 4: [23, 24, 25, 29, 30, 31, 32]
Day 2025-06-07:
  Level 1A: [33, 34, 35, 36, 38, 40, 41, 5]
  Level 1B: [33, 34, 35, 36, 38, 40, 41, 1, 3, 5]
  Level 2A: [6, 7, 12]
  Level 2B: [12, 13, 14, 15, -1]
  Level 3: [19, 20, 25, 30, 13, 14, 15, 16, 17, 18]
  Level 4: [23, 24, 25, 29, 30, 31, 32]
Day 2025-06-08:
  Level 1A: [33, 34, 35, 36, 38, 40, 41, 5]
  Level 1B: [33, 34, 35, 36, 38, 40, 41, 1, 2, 3, 5]
  Level 2A: [6, 7, 12]
  Level 2B: [12, 13, 14, -1]
  Level 3: [19, 20, 25, 30, 13, 14, 16, 18]
  Level 4: [23, 24, 25, 29, 30, 31, 32]
Day 2025-06-09:
  Level 1A: [33, 34, 35, 36, 38, 40, 41, 5]
  Level 1B: [33, 34, 35, 36, 38, 40, 41, 1, 2, 3, 5]
  Level 2A: [6, 7, 9, 10, 11, 12]
  Level 2B: [11, 12, 13, 14, 15, -1]
  Level 3: [19, 20, 22, 25, 30, 13, 14, 15, 16, 17, 18]
  Level 4: [22, 23, 24, 25, 29, 30, 31, 32]
Day 2025-06-10:
  Level 1A: [33, 34, 35, 36, 40, 41, 5]
  Level 1B: [33, 34, 35, 36, 40, 41, 1, 3, 5]
  Level 2A: [6, 7, 9, 10, 11, 12]
  Level 2B: [11, 12, 13, 14, 15, -1]
  Level 3: [19, 20, 22, 25, 30, 13, 14, 15, 16, 17, 18]
  Level 4: [22, 23, 24, 25, 29, 30, 31, 32]
Day 2025-06-11:
  Level 1A: [33, 34, 36, 38, 40, 41, 5]
  Level 1B: [33, 34, 36, 38, 40, 41, 1, 2, 3, 4, 5]
  Level 2A: [6, 7, 9, 10, 12]
  Level 2B: [12, 13, 14, 15, -1]
  Level 3: [19, 20, 22, 25, 30, 13, 14, 15, 16, 17, 18]
  Level 4: [22, 23, 24, 25, 29, 30, 32]
Day 2025-06-12:
  Level 1A: [33, 34, 35, 36, 38, 39, 40, 41, 5]
  Level 1B: [33, 34, 35, 36, 38, 39, 40, 41, 1, 3, 4, 5]
  Level 2A: [6, 7, 9, 10, 12]
  Level 2B: [12, 13, 14, 15, -1]
  Level 3: [19, 20, 21, 22, 25, 30, 13, 14, 15, 16, 17, 18]
  Level 4: [22, 23, 24, 25, 29, 30, 32]
Day 2025-06-13:
  Level 1A: [33, 34, 35, 36, 38, 39, 40, 41, 5]
  Level 1B: [33, 34, 35, 36, 38, 39, 40, 41, 3, 4, 5]
  Level 2A: [6, 7, 9, 10, 12]
  Level 2B: [12, 15, -1]
  Level 3: [19, 20, 21, 22, 25, 30, 15, 16, 17, 18]
  Level 4: [22, 23, 24, 25, 29, 30, 32]
Day 2025-06-14:
  Level 1A: [33, 34, 36, 38, 39, 40, 41, 5]
  Level 1B: [33, 34, 36, 38, 39, 40, 41, 3, 4, 5]
  Level 2A: [6, 7, 9, 10, 12]
  Level 2B: [12, 15, -1]
  Level 3: [19, 20, 21, 22, 25, 30, 15, 18]
  Level 4: [22, 23, 24, 25, 29, 30, 32]
Day 2025-06-15:
  Level 1A: [33, 34, 36, 38, 39, 40, 41, 5]
  Level 1B: [33, 34, 36, 38, 39, 40, 41, 3, 4, 5]
  Level 2A: [6, 7, 9, 10, 12]
  Level 2B: [12, 15, -1]
  Level 3: [19, 20, 21, 22, 25, 30, 15, 16, 18]
  Level 4: [22, 23, 24, 25, 29, 30, 32]
Day 2025-06-16:
  Level 1A: [33, 34, 36, 38, 39, 40, 41, 5]
  Level 1B: [33, 34, 36, 38, 39, 40, 41, 3, 4, 5]
  Level 2A: [6, 7, 8, 9, 10, 12]
  Level 2B: [12, 14, -1]
  Level 3: [19, 20, 21, 22, 25, 30, 14, 16, 18]
  Level 4: [22, 23, 24, 25, 28, 29, 30, 32]
Day 2025-06-17:
  Level 1A: [33, 34, 36, 38, 39, 40, 41, 5]
  Level 1B: [33, 34, 36, 38, 39, 40, 41, 2, 3, 4, 5]
  Level 2A: [6, 7, 8, 9, 10, 12]
  Level 2B: [12, 14, 15, -1]
  Level 3: [19, 20, 21, 22, 25, 30, 14, 15, 16, 18]
  Level 4: [22, 23, 24, 25, 28, 29, 30, 32]
Day 2025-06-18:
  Level 1A: [33, 34, 36, 38, 39, 40, 41, 5]
  Level 1B: [33, 34, 36, 38, 39, 40, 41, 2, 3, 4, 5]
  Level 2A: [6, 7, 8, 9, 10, 12]
  Level 2B: [12, 13, 14, 15, -1]
  Level 3: [19, 20, 21, 22, 25, 30, 13, 14, 15, 18]
  Level 4: [22, 23, 24, 25, 28, 29, 30, 32]
Day 2025-06-19:
  Level 1A: [33, 34, 36, 38, 39, 40, 41, 5]
  Level 1B: [33, 34, 36, 38, 39, 40, 41, 1, 2, 3, 4, 5]
  Level 2A: [6, 7, 8, 9, 10, 12]
  Level 2B: [12, 13, 14, 15, -1]
  Level 3: [19, 20, 21, 22, 25, 30, 13, 14, 15, 18]
  Level 4: [22, 23, 24, 25, 28, 29, 30, 31, 32]
Day 2025-06-20:
  Level 1A: [33, 34, 36, 38, 39, 40, 41, 5]
  Level 1B: [33, 34, 36, 38, 39, 40, 41, 1, 2, 3, 4, 5]
  Level 2A: [7, 8, 9, 10]
  Level 2B: [13, 14, 15, -1]
  Level 3: [19, 20, 21, 22, 25, 30, 13, 14, 15, 18]
  Level 4: [22, 23, 24, 25, 28, 29, 30, 31, 32]
Day 2025-06-21:
  Level 1A: [33, 34, 36, 5]
  Level 1B: [33, 34, 36, 1, 2, 3, 4, 5]
  Level 2A: [7, 8]
  Level 2B: [13, 14, 15, -1]
  Level 3: [19, 21, 22, 25, 30, 13, 14, 15, 18]
  Level 4: [22, 23, 24, 25, 28, 29, 30, 31, 32]
Day 2025-06-22:
  Level 1A: [33, 34, 36, 38, 39, 40, 41, 5]
  Level 1B: [33, 34, 36, 38, 39, 40, 41, 1, 2, 3, 4, 5]
  Level 2A: [6, 7, 8, 9, 10, 12]
  Level 2B: [12, 13, 14, 15, -1]
  Level 3: [19, 21, 22, 25, 30, 13, 14, 15, 18]
  Level 4: [22, 23, 24, 25, 28, 29, 30, 31, 32]
Day 2025-06-23:
  Level 1A: [33, 34, 35, 36, 38, 39, 40, 41, 5]
  Level 1B: [33, 34, 35, 36, 38, 39, 40, 41, 1, 2, 3, 4, 5]
  Level 2A: [6, 7, 8, 9, 10, 12]
  Level 2B: [12, 13, 14, 15, -1]
  Level 3: [19, 21, 22, 25, 30, 13, 14, 15, 16, 17, 18]
  Level 4: [22, 23, 24, 25, 28, 29, 30, 31, 32]
Day 2025-06-24:
  Level 1A: [33, 34, 35, 36, 38, 40, 41, 5]
  Level 1B: [33, 34, 35, 36, 38, 40, 41, 1, 2, 3, 4, 5]
  Level 2A: [6, 7, 8, 9, 10, 12]
  Level 2B: [12, 13, 14, 15, -1]
  Level 3: [19, 21, 22, 25, 30, 13, 14, 15, 16, 17, 18]
  Level 4: [22, 23, 24, 25, 28, 29, 30, 31, 32]
Day 2025-06-25:
  Level 1A: [33, 34, 35, 36, 38, 39, 40, 41, 5]
  Level 1B: [33, 34, 35, 36, 38, 39, 40, 41, 1, 2, 3, 4, 5]
  Level 2A: [6, 7, 8, 9, 10, 12]
  Level 2B: [12, 13, 14, 15, -1]
  Level 3: [19, 21, 22, 25, 30, 13, 14, 15, 16, 17, 18]
  Level 4: [22, 23, 24, 25, 28, 29, 30, 31, 32]
Day 2025-06-26:
  Level 1A: [33, 34, 35, 36, 38, 39, 40, 41, 5]
  Level 1B: [33, 34, 35, 36, 38, 39, 40, 41, 1, 2, 3, 4, 5]
  Level 2A: [6, 7, 8, 9, 10, 11, 12]
  Level 2B: [11, 12, 13, 14, 15, -1]
  Level 3: [19, 21, 25, 30, 13, 14, 15, 16, 17, 18]
  Level 4: [23, 24, 25, 29, 30, 31, 32]
Day 2025-06-27:
  Level 1A: [33, 34, 35, 36, 38, 39, 40, 41, 5]
  Level 1B: [33, 34, 35, 36, 38, 39, 40, 41, 1, 2, 3, 5]
  Level 2A: [6, 7, 8, 9, 10, 11, 12]
  Level 2B: [11, 12, 13, 14, 15, -1]
  Level 3: [19, 21, 25, 30, 13, 14, 15, 16, 18]
  Level 4: [23, 24, 25, 29, 30, 31, 32]
Day 2025-06-28:
  Level 1A: [33, 34, 35, 36, 38, 39, 40, 41, 5]
  Level 1B: [33, 34, 35, 36, 38, 39, 40, 41, 1, 2, 3, 5]
  Level 2A: [7, 8, 9, 10, 11, 12]
  Level 2B: [11, 12, 14, 15, -1]
  Level 3: [19, 21, 25, 30, 14, 15, 17, 18]
  Level 4: [23, 24, 25, 29, 30, 31, 32]
Day 2025-06-29:
  Level 1A: [33, 34, 36, 38, 39, 40, 5]
  Level 1B: [33, 34, 36, 38, 39, 40, 1, 2, 3, 5]
  Level 2A: [6, 7, 9, 10, 11, 12]
  Level 2B: [11, 12, 14, 15, -1]
  Level 3: [21, 30, 14, 15, 17, 18]
  Level 4: [23, 24, 29, 30, 31, 32]
Day 2025-06-30:
  Level 1A: [33, 34, 35, 36, 39, 5]
  Level 1B: [33, 34, 35, 36, 39, 1, 2, 3, 5]
  Level 2A: [6, 7, 11, 12]
  Level 2B: [11, 12, 13, 14, -1]
  Level 3: [20, 21, 25, 30, 13, 14, 18]
  Level 4: [23, 24, 25, 28, 29, 30, 31, 32]
Preassignments: {}

Checking level‐pairs on 2025-06-01:

Checking level‐pairs on 2025-06-02:

Checking level‐pairs on 2025-06-03:

Checking level‐pairs on 2025-06-04:

Checking level‐pairs on 2025-06-05:

Checking level‐pairs on 2025-06-06:

Checking level‐pairs on 2025-06-07:

Checking level‐pairs on 2025-06-08:

Checking level‐pairs on 2025-06-09:

Checking level‐pairs on 2025-06-10:

Checking level‐pairs on 2025-06-11:

Checking level‐pairs on 2025-06-12:

Checking level‐pairs on 2025-06-13:

Checking level‐pairs on 2025-06-14:

Checking level‐pairs on 2025-06-15:

Checking level‐pairs on 2025-06-16:

Checking level‐pairs on 2025-06-17:

Checking level‐pairs on 2025-06-18:

Checking level‐pairs on 2025-06-19:

Checking level‐pairs on 2025-06-20:

Checking level‐pairs on 2025-06-21:

Checking level‐pairs on 2025-06-22:

Checking level‐pairs on 2025-06-23:

Checking level‐pairs on 2025-06-24:

Checking level‐pairs on 2025-06-25:

Checking level‐pairs on 2025-06-26:

Checking level‐pairs on 2025-06-27:

Checking level‐pairs on 2025-06-28:

Checking level‐pairs on 2025-06-29:

Checking level‐pairs on 2025-06-30:
Fetched preassignment row: None
Loaded preassignments: {}
